146955
0: 524.5, 185.5 (-1, 1); 487.5, 227.5 (0, 1); 561.5, 184.5 (1, 1); 505.5, 235.5 (-1, 0); 11432.5, 124.5 (0, 0); 479.5, 230.5 (1, 0); 529.5, 207.5 (-1, -1); 440.5, 245.5 (0, -1); 527.5, 179.5 (1, -1)
1: 134.5, 241.5 (0, 1); 144.5, 206.5 (1, 1); 129.5, 240.5 (-1, 0); 176.5, 170.5 (0, 0); 113.5, 237.5 (1, 0); 161.5, 230.5 (-1, -1); 110.5, 232.5 (0, -1); 181.5, 192.5 (1, -1)
163: 26.5, 19.5 (0, 1); 38.5, 10.5 (1, 1); 38.5, 14.5 (-1, 0); 30.5, 20.5 (1, 0); 35.5, 17.5 (-1, -1); 33.5, 16.5 (0, -1); 25.5, 25.5 (1, -1)
166: 29.5, 5.5 (1, 1); 21.5, 12.5 (-1, 0); 11.5, 23.5 (1, 0); 13.5, 19.5 (-1, -1); 6.5, 25.5 (0, -1); 8.5, 21.5 (1, -1)
936: 7.5, 0.5 (-1, 1); 13.5, 4.5 (0, 1); 13.5, 10.5 (1, 0); 13.5, 2.5 (0, -1); 6.5, 2.5 (1, -1)
939: 6.5, 4.5 (-1, 1); 0.5, 12.5 (1, 0); 6.5, 10.5 (0, -1); 7.5, 5.5 (1, -1)
3341: 7.5, 7.5 (0, 1); 1.5, 10.5 (-1, 0); 8.5, 0.5 (1, -1)
3368: 22.5, 0.5 (0, 1); 20.5, 1.5 (1, -1)
7: 73.5, 31.5 (1, 1); 81.5, 24.5 (-1, 0); 108.5, 9.5 (0, 0); 81.5, 19.5 (1, 0); 93.5, 15.5 (-1, -1); 104.5, 8.5 (0, -1); 71.5, 27.5 (1, -1)
88: 5.5, 27.5 (1, 1); 7.5, 26.5 (-1, 0); 7.5, 36.5 (1, 0); 11.5, 28.5 (-1, -1); 2.5, 38.5 (0, -1); 20.5, 19.5 (1, -1)
98: 15.5, 0.5 (-1, 0); 11.5, 4.5 (1, 0); 14.5, 0.5 (-1, -1); 11.5, 3.5 (0, -1); 17.5, 2.5 (1, -1)
3: 166.5, 186.5 (-1, 1); 191.5, 173.5 (1, 1); 140.5, 213.5 (-1, 0); 217.5, 135.5 (0, 0); 120.5, 215.5 (1, 0); 173.5, 210.5 (-1, -1); 156.5, 228.5 (0, -1); 142.5, 183.5 (1, -1)
33: 87.5, 24.5 (-1, 1); 72.5, 27.5 (1, 1); 78.5, 20.5 (0, 0); 50.5, 36.5 (1, 0); 66.5, 18.5 (-1, -1); 71.5, 35.5 (0, -1); 67.5, 37.5 (1, -1)
42: 10.5, 22.5 (-1, 1); 22.5, 11.5 (0, 0); 12.5, 16.5 (1, 0); 17.5, 10.5 (-1, -1); 13.5, 27.5 (0, -1); 17.5, 22.5 (1, -1)
804: 9.5, 4.5 (-1, 1); 9.5, 1.5 (0, 0); 14.5, 0.5 (1, 0); 5.5, 4.5 (0, -1); 15.5, 0.5 (1, -1)
805: 9.5, 0.5 (0, 0); 6.5, 3.5 (1, 0); 6.5, 6.5 (0, -1); 11.5, 0.5 (1, -1)
1291: 7.5, 1.5 (0, 0); 0.5, 9.5 (0, -1); 6.5, 5.5 (1, -1)
1372: 0.5, 26.5 (0, -1); 18.5, 0.5 (1, -1)
5746: 94.5, 0.5 (1, -1)
297: 61.5, 7.5 (-1, 1); 42.5, 15.5 (0, 1); 49.5, 7.5 (1, 1); 30.5, 17.5 (0, 0); 46.5, 5.5 (-1, -1); 39.5, 17.5 (0, -1); 40.5, 9.5 (1, -1)
298: 22.5, 24.5 (0, 1); 17.5, 24.5 (1, 1); 19.5, 21.5 (0, 0); 7.5, 26.5 (-1, -1); 8.5, 25.5 (0, -1); 18.5, 20.5 (1, -1)
304: 15.5, 1.5 (1, 1); 11.5, 0.5 (0, 0); 13.5, 2.5 (-1, -1); 22.5, 0.5 (0, -1); 9.5, 1.5 (1, -1)
385: 4.5, 9.5 (1, 1); 4.5, 8.5 (-1, -1); 0.5, 10.5 (0, -1); 6.5, 6.5 (1, -1)
403: 17.5, 0.5 (-1, -1); 12.5, 0.5 (0, -1); 7.5, 0.5 (1, -1)
1132: 0.5, 24.5 (0, -1); 16.5, 0.5 (1, -1)
8630: 88.5, 0.5 (0, -1)
172: 17.5, 5.5 (0, 1); 4.5, 9.5 (-1, 0); 6.5, 7.5 (1, 0); 6.5, 13.5 (-1, -1); 6.5, 10.5 (0, -1); 7.5, 10.5 (1, -1)
226: 14.5, 0.5 (0, 1); 10.5, 2.5 (1, 0); 5.5, 4.5 (-1, -1); 7.5, 2.5 (0, -1); 4.5, 5.5 (1, -1)
378: 11.5, 7.5 (-1, 1); 6.5, 19.5 (0, 1); 3.5, 4.5 (1, 1); 11.5, 7.5 (-1, -1); 3.5, 5.5 (0, -1); 5.5, 8.5 (1, -1)
384: 18.5, 0.5 (-1, 1); 15.5, 1.5 (1, 1); 9.5, 1.5 (-1, -1); 8.5, 6.5 (0, -1); 7.5, 3.5 (1, -1)
4282: 86.5, 0.5 (1, -1)
165: 30.5, 19.5 (-1, 1); 26.5, 21.5 (1, 1); 30.5, 27.5 (-1, 0); 30.5, 28.5 (1, 0); 23.5, 23.5 (-1, -1); 21.5, 28.5 (0, -1); 26.5, 20.5 (1, -1)
198: 30.5, 12.5 (-1, 1); 26.5, 12.5 (0, 1); 9.5, 16.5 (1, 0); 11.5, 18.5 (-1, -1); 21.5, 6.5 (0, -1); 20.5, 10.5 (1, -1)
460: 15.5, 1.5 (0, 1); 12.5, 1.5 (1, 1); 10.5, 0.5 (-1, -1); 10.5, 1.5 (0, -1); 14.5, 1.5 (1, -1)
469: 6.5, 2.5 (0, 1); 0.5, 10.5 (-1, -1); 2.5, 6.5 (0, -1); 1.5, 11.5 (1, -1)
475: 3.5, 8.5 (-1, -1); 6.5, 0.5 (0, -1); 4.5, 0.5 (1, -1)
2662: 0.5, 14.5 (-1, -1); 18.5, 0.5 (1, -1)
3400: 84.5, 0.5 (1, -1)
16: 9.5, 15.5 (-1, 0); 9.5, 6.5 (0, 0); 4.5, 15.5 (1, 0); 8.5, 6.5 (-1, -1); 8.5, 13.5 (0, -1); 8.5, 3.5 (1, -1)
1270: 5.5, 2.5 (0, 1); 5.5, 6.5 (1, 1); 7.5, 4.5 (0, 0); 7.5, 8.5 (0, -1); 2.5, 3.5 (1, -1)
1279: 3.5, 5.5 (0, 1); 17.5, 0.5 (0, 0); 2.5, 11.5 (0, -1); 1.5, 5.5 (1, -1)
200: 6.5, 9.5 (0, 1); 3.5, 7.5 (1, 0); 6.5, 14.5 (-1, -1); 11.5, 8.5 (0, -1); 11.5, 0.5 (1, -1)
905: 5.5, 3.5 (-1, 0); 14.5, 0.5 (1, 0); 10.5, 3.5 (0, -1); 12.5, 0.5 (1, -1)
1329: 3.5, 4.5 (-1, 1); 4.5, 4.5 (1, 1); 0.5, 9.5 (0, -1); 0.5, 3.5 (1, -1)
1347: 4.5, 0.5 (-1, 1); 0.5, 6.5 (0, -1); 3.5, 2.5 (1, -1)
66: 12.5, 11.5 (-1, 1); 8.5, 22.5 (0, 0); 6.5, 18.5 (1, 0); 10.5, 10.5 (-1, -1); 1.5, 34.5 (0, -1); 16.5, 23.5 (1, -1)
1248: 24.5, 0.5 (-1, 1); 12.5, 0.5 (1, 1); 5.5, 0.5 (0, 0); 15.5, 0.5 (0, -1); 5.5, 1.5 (1, -1)
34: 7.5, 34.5 (1, 1); 23.5, 15.5 (0, 0); 9.5, 23.5 (1, 0); 16.5, 19.5 (-1, -1); 7.5, 19.5 (0, -1); 10.5, 34.5 (1, -1)
52: 13.5, 1.5 (0, 0); 15.5, 3.5 (1, 0); 19.5, 0.5 (-1, -1); 7.5, 6.5 (0, -1); 12.5, 3.5 (1, -1)
133: 7.5, 11.5 (1, 0); 0.5, 11.5 (-1, -1); 0.5, 6.5 (0, -1); 2.5, 10.5 (1, -1)
395: 14.5, 0.5 (-1, -1); 7.5, 8.5 (0, -1); 10.5, 0.5 (1, -1)
2582: 24.5, 0.5 (-1, -1); 0.5, 24.5 (1, -1)
4264: 85.5, 0.5 (1, -1)
114: 14.5, 25.5 (-1, 1); 15.5, 24.5 (1, 1); 13.5, 22.5 (1, 0); 7.5, 18.5 (-1, -1); 1.5, 28.5 (0, -1); 7.5, 30.5 (1, -1)
132: 14.5, 4.5 (-1, 1); 9.5, 0.5 (1, 0); 3.5, 4.5 (-1, -1); 9.5, 8.5 (0, -1); 8.5, 6.5 (1, -1)
5: 59.5, 35.5 (1, 1); 65.5, 35.5 (-1, 0); 80.5, 14.5 (0, 0); 56.5, 55.5 (1, 0); 89.5, 32.5 (-1, -1); 62.5, 31.5 (0, -1); 84.5, 19.5 (1, -1)
32: 13.5, 8.5 (1, 1); 13.5, 2.5 (0, 0); 9.5, 7.5 (1, 0); 12.5, 7.5 (-1, -1); 10.5, 5.5 (0, -1); 5.5, 9.5 (1, -1)
50: 11.5, 3.5 (0, 0); 4.5, 4.5 (1, 0); 10.5, 5.5 (-1, -1); 10.5, 7.5 (0, -1); 11.5, 7.5 (1, -1)
1733: 3.5, 7.5 (1, 1); 8.5, 3.5 (0, 0); 1.5, 6.5 (0, -1); 4.5, 7.5 (1, -1)
3911: 8.5, 5.5 (-1, 0); 8.5, 0.5 (0, 0); 0.5, 10.5 (1, -1)
3938: 11.5, 0.5 (0, 0); 0.5, 14.5 (1, -1)
17060: 14.5, 0.5 (0, 0)
81: 28.5, 74.5 (-1, 1); 20.5, 68.5 (0, 1); 17.5, 52.5 (1, 1); 27.5, 56.5 (-1, 0); 19.5, 72.5 (1, 0); 10895.5, 63.5 (-1, -1); 20.5, 59.5 (0, -1); 29.5, 57.5 (1, -1)
83: 10889.5, 5.5 (0, 1); 51.5, 12.5 (1, 1); 47.5, 10.5 (-1, 0); 41.5, 16.5 (1, 0); 41.5, 8.5 (-1, -1); 36.5, 9.5 (0, -1); 38.5, 12.5 (1, -1)
86: 7.5, 28.5 (1, 1); 18.5, 29.5 (-1, 0); 8.5, 16.5 (1, 0); 7.5, 16.5 (-1, -1); 10874.5, 13.5 (0, -1); 3.5, 26.5 (1, -1)
128: 8.5, 1.5 (0, 1); 12.5, 0.5 (1, 0); 4.5, 3.5 (-1, -1); 7.5, 9.5 (0, -1); 7.5, 5.5 (1, -1)
131: 6.5, 3.5 (1, 0); 0.5, 5.5 (-1, -1); 1.5, 8.5 (0, -1); 2.5, 9.5 (1, -1)
1589: 2.5, 0.5 (1, 0); 4.5, 0.5 (0, -1); 9.5, 0.5 (1, -1)
156: 10.5, 1.5 (-1, 1); 7.5, 1.5 (1, 0); 7.5, 4.5 (-1, -1); 10.5, 0.5 (0, -1); 8.5, 1.5 (1, -1)
885: 3.5, 2.5 (-1, 1); 2.5, 8.5 (1, 0); 6.5, 1.5 (0, -1); 6.5, 4.5 (1, -1)
1371: 4.5, 4.5 (-1, 1); 11.5, 0.5 (0, -1); 10.5, 0.5 (1, -1)
63: 82.5, 12.5 (-1, 1); 52.5, 35.5 (0, 1); 87.5, 16.5 (0, 0); 69.5, 13.5 (1, 0); 75.5, 27.5 (-1, -1); 61.5, 41.5 (0, -1); 78.5, 44.5 (1, -1)
1948: 14.5, 0.5 (1, 1); 2.5, 6.5 (-1, 0); 11.5, 5.5 (0, 0); 9.5, 10.5 (0, -1); 8.5, 1.5 (1, -1)
3407: 5.5, 9.5 (1, 1); 1.5, 7.5 (-1, 0); 2.5, 9.5 (0, 0); 6.5, 6.5 (1, -1)
3425: 7.5, 5.5 (-1, 0); 12.5, 0.5 (0, 0); 11.5, 0.5 (1, -1)
3452: 0.5, 18.5 (0, 0); 19.5, 0.5 (1, -1)
747: 51.5, 6.5 (-1, 1); 45.5, 14.5 (0, 1); 35.5, 16.5 (-1, 0); 38.5, 17.5 (0, 0); 35.5, 11.5 (1, 0); 36.5, 28.5 (0, -1); 34.5, 7.5 (1, -1)
750: 17.5, 18.5 (-1, 1); 20.5, 14.5 (-1, 0); 20.5, 13.5 (0, 0); 15.5, 21.5 (1, 0); 25.5, 15.5 (0, -1); 19.5, 11.5 (1, -1)
992: 10.5, 1.5 (0, 1); 0.5, 6.5 (-1, 0); 9.5, 4.5 (0, 0); 5.5, 9.5 (0, -1); 13.5, 1.5 (1, -1)
7337: 4.5, 0.5 (0, 1); 7.5, 9.5 (0, 0); 6.5, 4.5 (1, 0); 11.5, 0.5 (0, -1)
7499: 12.5, 0.5 (0, 1); 10.5, 3.5 (1, 0); 13.5, 0.5 (0, -1)
7742: 10.5, 0.5 (0, 1); 16.5, 0.5 (0, -1)
10868: 39.5, 0.5 (-1, 0)
978: 27.5, 20.5 (-1, 1); 12.5, 19.5 (1, 1); 7.5, 17.5 (-1, 0); 21.5, 11.5 (0, 0); 8.5, 21.5 (0, -1); 20.5, 23.5 (1, -1)
1272: 4.5, 8.5 (-1, 1); 11.5, 1.5 (1, 1); 18.5, 1.5 (0, 0); 9.5, 6.5 (0, -1); 6.5, 5.5 (1, -1)
1353: 0.5, 8.5 (-1, 1); 0.5, 9.5 (1, 1); 0.5, 14.5 (0, -1); 1.5, 15.5 (1, -1)
2819: 15.5, 0.5 (0, 1); 7.5, 0.5 (-1, -1); 13.5, 8.5 (1, -1)
3556: 0.5, 29.5 (0, 1); 30.5, 0.5 (1, -1)
203: 15.5, 0.5 (1, 0); 8.5, 2.5 (-1, -1); 8.5, 2.5 (0, -1); 9.5, 0.5 (1, -1)
941: 4.5, 5.5 (1, 0); 4.5, 8.5 (0, -1); 8.5, 0.5 (1, -1)
7502: 0.5, 14.5 (1, 0); 15.5, 0.5 (0, -1)
7772: 66.5, 0.5 (0, -1)
116: 20.5, 0.5 (1, 1); 16.5, 0.5 (1, 0); 11.5, 6.5 (-1, -1); 7.5, 7.5 (0, -1); 11.5, 8.5 (1, -1)
383: 4.5, 7.5 (1, 1); 9.5, 0.5 (-1, -1); 14.5, 3.5 (0, -1); 3.5, 10.5 (1, -1)
1140: 3.5, 4.5 (-1, 1); 6.5, 8.5 (1, 1); 2.5, 10.5 (-1, 0); 11.5, 5.5 (0, -1); 3.5, 7.5 (1, -1)
1149: 7.5, 2.5 (-1, 1); 8.5, 8.5 (-1, 0); 10.5, 0.5 (0, -1); 14.5, 0.5 (1, -1)
1391: 8.5, 5.5 (-1, 0); 0.5, 14.5 (0, -1); 5.5, 7.5 (1, -1)
3578: 20.5, 0.5 (-1, 0); 19.5, 0.5 (1, -1)
1044: 18.5, 0.5 (-1, 1); 18.5, 0.5 (0, 1); 11.5, 4.5 (0, 0); 16.5, 1.5 (0, -1); 9.5, 1.5 (1, -1)
1981: 2.5, 2.5 (0, 1); 2.5, 3.5 (0, 0); 2.5, 8.5 (0, -1); 4.5, 4.5 (1, -1)
2143: 10.5, 0.5 (0, 1); 9.5, 0.5 (0, -1); 9.5, 0.5 (1, -1)
4330: 26.5, 0.5 (0, 1); 0.5, 16.5 (1, -1)
4336: 92.5, 0.5 (1, -1)
276: 7.5, 10.5 (-1, 1); 8.5, 8.5 (1, 1); 12.5, 2.5 (0, 0); 4.5, 12.5 (-1, -1); 6.5, 5.5 (0, -1); 1.5, 11.5 (1, -1)
278: 6.5, 5.5 (1, 1); 11.5, 0.5 (0, 0); 5.5, 8.5 (-1, -1); 8.5, 9.5 (0, -1); 8.5, 3.5 (1, -1)
1023: 9.5, 0.5 (-1, 1); 4.5, 4.5 (0, 0); 0.5, 6.5 (0, -1); 0.5, 11.5 (1, -1)
144: 11.5, 22.5 (-1, 1); 11.5, 28.5 (0, 1); 2.5, 26.5 (1, 0); 9.5, 16.5 (-1, -1); 5.5, 23.5 (0, -1); 4.5, 30.5 (1, -1)
1298: 20.5, 1.5 (0, 1); 19.5, 0.5 (1, 1); 9.5, 4.5 (-1, 0); 13.5, 3.5 (0, -1); 11.5, 0.5 (1, -1)
1301: 6.5, 5.5 (1, 1); 0.5, 14.5 (-1, 0); 4.5, 4.5 (0, -1); 1.5, 10.5 (1, -1)
4231: 7.5, 0.5 (0, 1); 4.5, 3.5 (-1, 0); 11.5, 0.5 (1, -1)
192: 9.5, 4.5 (-1, 1); 18.5, 9.5 (1, 1); 6.5, 10.5 (1, 0); 12.5, 6.5 (-1, -1); 14.5, 6.5 (0, -1); 15.5, 6.5 (1, -1)
210: 7.5, 5.5 (-1, 1); 5.5, 8.5 (1, 0); 10.5, 2.5 (-1, -1); 1.5, 20.5 (0, -1); 13.5, 5.5 (1, -1)
1893: 5.5, 2.5 (-1, 1); 16.5, 0.5 (1, 1); 11.5, 2.5 (0, -1); 16.5, 0.5 (1, -1)
2627: 5.5, 4.5 (1, 1); 0.5, 15.5 (-1, -1); 2.5, 8.5 (1, -1)
2636: 0.5, 19.5 (-1, -1); 18.5, 0.5 (1, -1)
3398: 86.5, 0.5 (1, -1)
1047: 8.5, 7.5 (-1, 1); 8.5, 3.5 (0, 0); 11.5, 0.5 (0, -1); 8.5, 1.5 (1, -1)
1049: 13.5, 0.5 (0, 0); 12.5, 0.5 (0, -1); 8.5, 0.5 (1, -1)
7610: 0.5, 18.5 (0, 0); 20.5, 0.5 (0, -1)
10736: 86.5, 0.5 (0, 0)
11: 64.5, 37.5 (0, 1); 59.5, 28.5 (-1, 0); 101.5, 19.5 (0, 0); 64.5, 39.5 (1, 0); 72.5, 36.5 (-1, -1); 76.5, 44.5 (0, -1); 91.5, 11.5 (1, -1)
38: 7.5, 22.5 (0, 1); 25.5, 8.5 (0, 0); 20.5, 17.5 (1, 0); 20.5, 17.5 (-1, -1); 17.5, 19.5 (0, -1); 18.5, 18.5 (1, -1)
44: 11.5, 0.5 (0, 0); 9.5, 0.5 (1, 0); 11.5, 9.5 (-1, -1); 11.5, 1.5 (0, -1); 9.5, 0.5 (1, -1)
773: 4.5, 2.5 (0, 0); 0.5, 14.5 (1, 0); 4.5, 6.5 (0, -1); 9.5, 6.5 (1, -1)
8287: 3.5, 6.5 (-1, 0); 14.5, 0.5 (0, 0); 6.5, 10.5 (0, -1)
8554: 26.5, 0.5 (0, 0); 0.5, 22.5 (0, -1)
828: 9.5, 7.5 (-1, 1); 8.5, 11.5 (0, 1); 5.5, 5.5 (-1, 0); 8.5, 11.5 (1, 0); 9.5, 9.5 (0, -1); 16.5, 7.5 (1, -1)
830: 15.5, 0.5 (0, 1); 7.5, 6.5 (-1, 0); 11.5, 8.5 (1, 0); 6.5, 6.5 (0, -1); 11.5, 2.5 (1, -1)
833: 7.5, 6.5 (-1, 0); 5.5, 5.5 (1, 0); 11.5, 1.5 (0, -1); 2.5, 15.5 (1, -1)
1319: 3.5, 6.5 (-1, 0); 11.5, 0.5 (0, -1); 13.5, 0.5 (1, -1)
7448: 0.5, 24.5 (1, 0); 25.5, 0.5 (0, -1)
748: 3.5, 21.5 (0, 1); 24.5, 14.5 (-1, 0); 11.5, 31.5 (0, 0); 9.5, 29.5 (1, 0); 6.5, 31.5 (0, -1); 12.5, 9.5 (1, -1)
754: 8.5, 0.5 (-1, 0); 13.5, 2.5 (0, 0); 20.5, 0.5 (1, 0); 4.5, 0.5 (0, -1); 12.5, 0.5 (1, -1)
7307: 0.5, 7.5 (-1, 0); 2.5, 6.5 (0, 0); 0.5, 21.5 (1, 0); 1.5, 6.5 (0, -1)
7841: 4.5, 4.5 (0, 1); 11.5, 0.5 (0, 0); 10.5, 0.5 (0, -1)
316: 14.5, 6.5 (0, 1); 13.5, 0.5 (0, 0); 14.5, 0.5 (-1, -1); 12.5, 3.5 (0, -1); 16.5, 0.5 (1, -1)
1045: 2.5, 5.5 (0, 1); 7.5, 8.5 (0, 0); 4.5, 3.5 (0, -1); 17.5, 0.5 (1, -1)
4147: 10.5, 0.5 (-1, 0); 15.5, 0.5 (0, 0); 9.5, 0.5 (1, -1)
8548: 18.5, 0.5 (0, 0); 0.5, 24.5 (0, -1)
10762: 87.5, 0.5 (0, 0)
45: 62.5, 33.5 (-1, 1); 64.5, 44.5 (0, 1); 70.5, 21.5 (0, 0); 68.5, 41.5 (1, 0); 57.5, 37.5 (-1, -1); 40.5, 59.5 (0, -1); 71.5, 41.5 (1, -1)
774: 24.5, 12.5 (-1, 1); 18.5, 23.5 (0, 1); 18.5, 23.5 (0, 0); 17.5, 18.5 (1, 0); 8.5, 21.5 (0, -1); 13.5, 14.5 (1, -1)
780: 17.5, 0.5 (-1, 1); 3.5, 9.5 (0, 0); 4.5, 6.5 (1, 0); 4.5, 8.5 (0, -1); 5.5, 5.5 (1, -1)
14: 11.5, 21.5 (-1, 0); 24.5, 7.5 (0, 0); 19.5, 14.5 (1, 0); 15.5, 10.5 (-1, -1); 18.5, 17.5 (0, -1); 18.5, 21.5 (1, -1)
1480: 5.5, 10.5 (-1, 0); 7.5, 6.5 (0, 0); 5.5, 5.5 (1, 0); 4.5, 11.5 (0, -1); 10.5, 5.5 (1, -1)
1747: 0.5, 9.5 (0, 1); 7.5, 0.5 (0, 0); 4.5, 3.5 (0, -1); 5.5, 2.5 (1, -1)
8309: 3.5, 3.5 (0, 1); 6.5, 0.5 (0, 0); 0.5, 12.5 (0, -1)
8312: 23.5, 0.5 (0, 0); 0.5, 13.5 (0, -1)
1216: 1.5, 13.5 (0, 1); 10.5, 17.5 (1, 1); 15.5, 13.5 (-1, 0); 10.5, 9.5 (0, 0); 3.5, 16.5 (0, -1); 5.5, 10.5 (1, -1)
1378: 3.5, 5.5 (0, 1); 6.5, 5.5 (1, 1); 5.5, 0.5 (-1, 0); 2.5, 3.5 (0, -1); 3.5, 3.5 (1, -1)
1387: 3.5, 4.5 (0, 1); 10.5, 0.5 (-1, 0); 3.5, 9.5 (0, -1); 3.5, 5.5 (1, -1)
1393: 9.5, 0.5 (-1, 0); 3.5, 7.5 (0, -1); 0.5, 9.5 (1, -1)
7522: 12.5, 0.5 (1, 0); 7.5, 0.5 (0, -1)
306: 8.5, 22.5 (-1, 1); 13.5, 25.5 (0, 1); 6.5, 24.5 (0, 0); 11.5, 23.5 (-1, -1); 0.5, 27.5 (0, -1); 10.5, 18.5 (1, -1)
468: 10.5, 3.5 (-1, 1); 12.5, 2.5 (0, 1); 8.5, 0.5 (-1, -1); 13.5, 1.5 (0, -1); 12.5, 0.5 (1, -1)
1927: 5.5, 0.5 (0, 1); 12.5, 0.5 (0, -1); 9.5, 0.5 (1, -1)
300: 24.5, 15.5 (-1, 1); 21.5, 17.5 (1, 1); 21.5, 18.5 (0, 0); 18.5, 17.5 (-1, -1); 9.5, 26.5 (0, -1); 14.5, 19.5 (1, -1)
318: 8.5, 0.5 (-1, 1); 10.5, 2.5 (0, 0); 14.5, 0.5 (-1, -1); 14.5, 0.5 (0, -1); 12.5, 9.5 (1, -1)
1247: 11.5, 5.5 (1, 1); 9.5, 2.5 (0, 0); 9.5, 9.5 (0, -1); 13.5, 5.5 (1, -1)
1409: 4.5, 6.5 (1, 1); 3.5, 10.5 (0, -1); 5.5, 0.5 (1, -1)
3596: 0.5, 18.5 (1, 1); 23.5, 0.5 (1, -1)
882: 11.5, 6.5 (-1, 1); 10.5, 1.5 (0, 1); 11.5, 1.5 (1, 0); 18.5, 2.5 (0, -1); 6.5, 1.5 (1, -1)
1125: 10.5, 3.5 (-1, 1); 4.5, 4.5 (0, 1); 2.5, 3.5 (0, -1); 4.5, 2.5 (1, -1)
2063: 7.5, 0.5 (0, 1); 10.5, 0.5 (0, -1); 10.5, 0.5 (1, -1)
4250: 21.5, 0.5 (0, 1); 0.5, 18.5 (1, -1)
4256: 86.5, 0.5 (1, -1)
996: 15.5, 3.5 (-1, 1); 9.5, 4.5 (-1, 0); 6.5, 4.5 (0, 0); 5.5, 6.5 (0, -1); 11.5, 4.5 (1, -1)
997: 3.5, 8.5 (-1, 0); 2.5, 16.5 (0, 0); 1.5, 7.5 (0, -1); 3.5, 7.5 (1, -1)
7367: 11.5, 0.5 (0, 0); 10.5, 0.5 (1, 0); 10.5, 0.5 (0, -1)
7934: 47.5, 0.5 (0, -1)
2490: 8.5, 0.5 (-1, 1); 4.5, 0.5 (1, 1); 3.5, 0.5 (0, 0); 10.5, 0.5 (-1, -1); 9.5, 1.5 (1, -1)
2499: 0.5, 10.5 (-1, 1); 4.5, 6.5 (0, 0); 4.5, 8.5 (-1, -1); 6.5, 4.5 (1, -1)
2661: 6.5, 0.5 (-1, 1); 11.5, 0.5 (-1, -1); 7.5, 0.5 (1, -1)
3390: 0.5, 14.5 (-1, 1); 13.5, 0.5 (1, -1)
5792: 55.5, 0.5 (1, -1)
48: 17.5, 15.5 (-1, 1); 21.5, 10.5 (0, 0); 30.5, 17.5 (1, 0); 16.5, 21.5 (-1, -1); 16.5, 21.5 (0, -1); 25.5, 10.5 (1, -1)
1974: 6.5, 10.5 (-1, 1); 14.5, 0.5 (1, 1); 11.5, 5.5 (0, 0); 9.5, 1.5 (0, -1); 14.5, 0.5 (1, -1)
2055: 5.5, 6.5 (-1, 1); 3.5, 18.5 (1, 1); 8.5, 6.5 (0, -1); 4.5, 6.5 (1, -1)
2589: 4.5, 0.5 (-1, 1); 9.5, 12.5 (-1, -1); 8.5, 4.5 (1, -1)
2590: 0.5, 18.5 (-1, -1); 15.5, 0.5 (1, -1)
4048: 40.5, 0.5 (1, -1)
1506: 1.5, 6.5 (-1, 1); 10.5, 2.5 (0, 0); 2.5, 3.5 (1, 0); 6.5, 4.5 (0, -1); 2.5, 1.5 (1, -1)
1749: 4.5, 6.5 (-1, 1); 6.5, 0.5 (0, 0); 9.5, 4.5 (0, -1); 8.5, 4.5 (1, -1)
776: 4.5, 4.5 (0, 1); 9.5, 7.5 (0, 0); 5.5, 9.5 (1, 0); 3.5, 6.5 (0, -1); 12.5, 2.5 (1, -1)
1715: 7.5, 0.5 (-1, 0); 3.5, 7.5 (0, 0); 3.5, 3.5 (0, -1); 5.5, 0.5 (1, -1)
1877: 4.5, 1.5 (-1, 0); 0.5, 11.5 (0, -1); 14.5, 0.5 (1, -1)
1904: 0.5, 19.5 (0, -1); 22.5, 0.5 (1, -1)
87: 47.5, 5.5 (-1, 1); 55.5, 2.5 (1, 1); 47.5, 16.5 (-1, 0); 40.5, 3.5 (1, 0); 27.5, 7.5 (-1, -1); 33.5, 9.5 (0, -1); 40.5, 10.5 (1, -1)
154: 13.5, 2.5 (0, 1); 21.5, 0.5 (1, 0); 14.5, 2.5 (-1, -1); 10.5, 0.5 (0, -1); 11.5, 0.5 (1, -1)
883: 4.5, 7.5 (0, 1); 6.5, 11.5 (1, 0); 3.5, 7.5 (0, -1); 10.5, 0.5 (1, -1)
1369: 6.5, 7.5 (0, 1); 4.5, 10.5 (0, -1); 11.5, 0.5 (1, -1)
1788: 17.5, 4.5 (-1, 1); 8.5, 0.5 (1, 1); 16.5, 0.5 (-1, 0); 19.5, 4.5 (0, -1); 13.5, 3.5 (1, -1)
974: 19.5, 21.5 (0, 1); 15.5, 13.5 (1, 1); 13.5, 22.5 (-1, 0); 26.5, 12.5 (0, 0); 19.5, 33.5 (0, -1); 20.5, 19.5 (1, -1)
1028: 7.5, 1.5 (0, 1); 16.5, 1.5 (1, 1); 12.5, 3.5 (0, 0); 6.5, 1.5 (0, -1); 19.5, 2.5 (1, -1)
1765: 5.5, 8.5 (0, 1); 0.5, 7.5 (0, 0); 0.5, 7.5 (0, -1); 7.5, 3.5 (1, -1)
7607: 13.5, 0.5 (0, 1); 5.5, 5.5 (0, 0); 5.5, 0.5 (0, -1)
7688: 23.5, 0.5 (0, 1); 18.5, 0.5 (0, -1)
1019: 8.5, 0.5 (0, 1); 7.5, 0.5 (0, 0); 2.5, 7.5 (0, -1); 4.5, 5.5 (1, -1)
1181: 2.5, 4.5 (0, 1); 0.5, 8.5 (0, -1); 6.5, 7.5 (1, -1)
834: 16.5, 2.5 (-1, 1); 11.5, 7.5 (-1, 0); 7.5, 2.5 (1, 0); 5.5, 6.5 (0, -1); 4.5, 3.5 (1, -1)
835: 4.5, 8.5 (-1, 0); 1.5, 11.5 (1, 0); 0.5, 12.5 (0, -1); 7.5, 9.5 (1, -1)
7445: 12.5, 0.5 (0, 1); 3.5, 7.5 (1, 0); 10.5, 0.5 (0, -1)
396: 9.5, 0.5 (-1, 1); 10871.5, 0.5 (0, 1); 3.5, 2.5 (-1, -1); 14.5, 3.5 (0, -1); 5.5, 0.5 (1, -1)
399: 3.5, 4.5 (-1, 1); 2.5, 6.5 (-1, -1); 10870.5, 2.5 (0, -1); 2.5, 2.5 (1, -1)
1857: 9.5, 0.5 (-1, 1); 3.5, 0.5 (0, -1); 5.5, 5.5 (1, -1)
1858: 0.5, 17.5 (0, -1); 0.5, 18.5 (1, -1)
1720: 7.5, 14.5 (0, 1); 4.5, 3.5 (-1, 0); 14.5, 1.5 (0, 0); 4.5, 11.5 (0, -1); 8.5, 9.5 (1, -1)
1801: 0.5, 9.5 (0, 1); 0.5, 18.5 (-1, 0); 1.5, 3.5 (0, -1); 1.5, 11.5 (1, -1)
4258: 0.5, 22.5 (0, 1); 21.5, 0.5 (1, -1)
1975: 8.5, 2.5 (1, 1); 6.5, 7.5 (0, 0); 0.5, 6.5 (0, -1); 5.5, 1.5 (1, -1)
2137: 13.5, 0.5 (1, 1); 5.5, 7.5 (0, -1); 4.5, 5.5 (1, -1)
1244: 15.5, 7.5 (0, 1); 5.5, 0.5 (1, 1); 11.5, 6.5 (0, 0); 8.5, 3.5 (0, -1); 7.5, 1.5 (1, -1)
3437: 12.5, 0.5 (1, 1); 12.5, 2.5 (0, 0); 6.5, 0.5 (1, -1)
912: 6.5, 0.5 (-1, 1); 17.5, 4.5 (-1, 0); 7.5, 2.5 (1, 0); 7.5, 7.5 (0, -1); 11.5, 1.5 (1, -1)
1155: 3.5, 1.5 (-1, 1); 3.5, 3.5 (-1, 0); 2.5, 1.5 (0, -1); 3.5, 0.5 (1, -1)
1157: 6.5, 10.5 (-1, 0); 4.5, 7.5 (0, -1); 4.5, 0.5 (1, -1)
1184: 16.5, 0.5 (0, -1); 24.5, 0.5 (1, -1)
744: 8.5, 22.5 (-1, 1); 7.5, 25.5 (-1, 0); 24.5, 12.5 (0, 0); 6.5, 35.5 (1, 0); 10.5, 19.5 (0, -1); 14.5, 18.5 (1, -1)
746: 10.5, 3.5 (-1, 0); 8.5, 0.5 (0, 0); 8.5, 5.5 (1, 0); 8.5, 6.5 (0, -1); 9.5, 2.5 (1, -1)
7469: 4.5, 5.5 (-1, 0); 9.5, 0.5 (1, 0); 10.5, 0.5 (0, -1)
204: 4.5, 3.5 (-1, 1); 6.5, 14.5 (1, 0); 4.5, 7.5 (-1, -1); 15.5, 0.5 (0, -1); 13.5, 5.5 (1, -1)
205: 5.5, 1.5 (1, 0); 5.5, 0.5 (-1, -1); 20.5, 0.5 (0, -1); 4.5, 3.5 (1, -1)
1879: 3.5, 5.5 (-1, 0); 9.5, 0.5 (0, -1); 11.5, 0.5 (1, -1)
1906: 20.5, 0.5 (0, -1); 19.5, 0.5 (1, -1)
126: 16.5, 17.5 (-1, 1); 7.5, 19.5 (0, 1); 7.5, 12.5 (1, 0); 3.5, 30.5 (-1, -1); 8.5, 39.5 (0, -1); 11.5, 24.5 (1, -1)
1560: 9.5, 4.5 (-1, 1); 11.5, 0.5 (-1, 0); 4.5, 2.5 (1, 0); 16.5, 0.5 (0, -1); 16.5, 0.5 (1, -1)
1771: 10.5, 0.5 (0, 0); 13.5, 0.5 (0, -1); 13.5, 0.5 (1, -1)
3238: 0.5, 16.5 (0, 0); 25.5, 0.5 (1, -1)
906: 4.5, 6.5 (-1, 1); 4.5, 10.5 (-1, 0); 8.5, 15.5 (1, 0); 9.5, 2.5 (0, -1); 5.5, 6.5 (1, -1)
1151: 0.5, 10.5 (-1, 0); 5.5, 9.5 (0, -1); 5.5, 0.5 (1, -1)
3338: 0.5, 29.5 (-1, 0); 26.5, 0.5 (1, -1)
1855: 12.5, 0.5 (0, 1); 13.5, 0.5 (0, -1); 14.5, 0.5 (1, -1)
7369: 11.5, 0.5 (0, 0); 13.5, 0.5 (1, 0); 11.5, 0.5 (0, -1)
7612: 0.5, 23.5 (0, 0); 0.5, 18.5 (0, -1)
7774: 79.5, 0.5 (0, -1)
46: 6.5, 32.5 (0, 1); 23.5, 17.5 (0, 0); 6.5, 25.5 (1, 0); 19.5, 10.5 (-1, -1); 6.5, 21.5 (0, -1); 12.5, 21.5 (1, -1)
1712: 5.5, 6.5 (0, 1); 8.5, 4.5 (-1, 0); 6.5, 7.5 (0, 0); 9.5, 8.5 (0, -1); 7.5, 0.5 (1, -1)
3179: 8.5, 0.5 (0, 1); 3.5, 13.5 (-1, 0); 7.5, 3.5 (0, 0); 10.5, 1.5 (1, -1)
3233: 12.5, 0.5 (0, 1); 5.5, 8.5 (0, 0); 13.5, 0.5 (1, -1)
3314: 19.5, 0.5 (0, 1); 0.5, 22.5 (1, -1)
302: 2.5, 11.5 (1, 1); 13.5, 8.5 (0, 0); 9.5, 1.5 (-1, -1); 8.5, 14.5 (0, -1); 11.5, 9.5 (1, -1)
1031: 2.5, 5.5 (1, 1); 1.5, 6.5 (0, 0); 4.5, 8.5 (0, -1); 2.5, 2.5 (1, -1)
2509: 9.5, 0.5 (0, 0); 14.5, 0.5 (-1, -1); 13.5, 0.5 (1, -1)
3446: 0.5, 17.5 (0, 0); 0.5, 30.5 (1, -1)
3608: 69.5, 0.5 (1, -1)
401: 9.5, 0.5 (-1, -1); 11.5, 0.5 (0, -1); 2.5, 5.5 (1, -1)
1346: 18.5, 0.5 (0, -1); 28.5, 0.5 (1, -1)
1032: 9.5, 3.5 (-1, 1); 13.5, 2.5 (1, 1); 6.5, 1.5 (0, 0); 10.5, 1.5 (0, -1); 12.5, 0.5 (1, -1)
1033: 2.5, 5.5 (1, 1); 7.5, 0.5 (0, 0); 3.5, 8.5 (0, -1); 9.5, 6.5 (1, -1)
1051: 10.5, 0.5 (0, 0); 6.5, 0.5 (0, -1); 9.5, 0.5 (1, -1)
1787: 0.5, 10.5 (1, 1); 10.5, 0.5 (-1, 0); 8.5, 7.5 (0, -1); 4.5, 5.5 (1, -1)
2639: 0.5, 5.5 (0, 1); 0.5, 9.5 (-1, -1); 0.5, 4.5 (1, -1)
8519: 18.5, 0.5 (-1, 0); 5.5, 4.5 (0, 0); 3.5, 2.5 (0, -1)
8600: 17.5, 0.5 (-1, 0); 16.5, 0.5 (0, -1)
10790: 83.5, 0.5 (-1, 0)
432: 5.5, 2.5 (-1, 1); 8.5, 2.5 (0, 1); 9.5, 5.5 (1, 1); 2.5, 1.5 (-1, -1); 3.5, 2.5 (0, -1); 6.5, 4.5 (1, -1)
434: 6.5, 11.5 (0, 1); 10.5, 8.5 (1, 1); 1.5, 7.5 (-1, -1); 1.5, 14.5 (0, -1); 8.5, 5.5 (1, -1)
1163: 6.5, 0.5 (0, 1); 6.5, 0.5 (1, 1); 7.5, 0.5 (0, -1); 17.5, 0.5 (1, -1)
228: 19.5, 0.5 (-1, 1); 10.5, 0.5 (1, 0); 4.5, 11.5 (-1, -1); 4.5, 6.5 (0, -1); 8.5, 2.5 (1, -1)
1167: 9.5, 0.5 (-1, 1); 3.5, 5.5 (1, 1); 14.5, 0.5 (0, -1); 0.5, 4.5 (1, -1)
1185: 8.5, 0.5 (-1, 1); 5.5, 3.5 (0, -1); 0.5, 12.5 (1, -1)
2057: 5.5, 0.5 (1, 1); 7.5, 0.5 (0, -1); 12.5, 0.5 (1, -1)
149: 3.5, 6.5 (1, 0); 11.5, 0.5 (-1, -1); 2.5, 12.5 (0, -1); 1.5, 5.5 (1, -1)
635: 12.5, 0.5 (-1, -1); 6.5, 0.5 (0, -1); 9.5, 6.5 (1, -1)
1260: 11.5, 0.5 (-1, 1); 7.5, 7.5 (0, 1); 4.5, 7.5 (0, 0); 12.5, 9.5 (0, -1); 11.5, 1.5 (1, -1)
1263: 11.5, 2.5 (-1, 1); 3.5, 8.5 (0, 0); 9.5, 3.5 (0, -1); 9.5, 0.5 (1, -1)
1425: 19.5, 0.5 (-1, 1); 5.5, 5.5 (0, -1); 9.5, 0.5 (1, -1)
3346: 0.5, 27.5 (-1, 0); 0.5, 18.5 (1, -1)
196: 4.5, 9.5 (1, 1); 6.5, 10.5 (1, 0); 15.5, 0.5 (-1, -1); 11.5, 4.5 (0, -1); 4.5, 8.5 (1, -1)
439: 8.5, 6.5 (1, 1); 13.5, 0.5 (-1, -1); 14.5, 0.5 (0, -1); 5.5, 2.5 (1, -1)
1897: 5.5, 6.5 (1, 1); 6.5, 8.5 (0, -1); 0.5, 9.5 (1, -1)
740: 6.5, 12.5 (0, 1); 2.5, 9.5 (-1, 0); 13.5, 12.5 (0, 0); 6.5, 10.5 (1, 0); 5.5, 12.5 (0, -1); 12.5, 9.5 (1, -1)
8038: 0.5, 5.5 (0, 1); 0.5, 3.5 (-1, 0); 2.5, 0.5 (0, 0); 4.5, 2.5 (1, 0); 3.5, 2.5 (0, -1)
8041: 5.5, 5.5 (-1, 0); 14.5, 0.5 (0, 0); 4.5, 10.5 (1, 0); 3.5, 10.5 (0, -1)
1230: 1.5, 1.5 (-1, 1); 14.5, 0.5 (-1, 0); 7.5, 0.5 (0, 0); 9.5, 1.5 (0, -1); 4.5, 4.5 (1, -1)
1257: 0.5, 12.5 (-1, 1); 2.5, 7.5 (0, 0); 0.5, 10.5 (0, -1); 0.5, 15.5 (1, -1)
1419: 9.5, 0.5 (-1, 1); 7.5, 0.5 (0, -1); 3.5, 3.5 (1, -1)
3580: 16.5, 0.5 (-1, 0); 0.5, 13.5 (1, -1)
1131: 8.5, 0.5 (-1, 1); 3.5, 2.5 (0, -1); 4.5, 3.5 (1, -1)
5692: 0.5, 24.5 (-1, 0); 19.5, 0.5 (1, -1)
70: 18.5, 0.5 (0, 0); 11.5, 0.5 (1, 0); 8.5, 7.5 (-1, -1); 12.5, 1.5 (0, -1); 8.5, 7.5 (1, -1)
151: 0.5, 11.5 (1, 0); 5.5, 7.5 (-1, -1); 0.5, 14.5 (0, -1); 3.5, 8.5 (1, -1)
889: 5.5, 0.5 (1, 0); 18.5, 0.5 (0, -1); 12.5, 0.5 (1, -1)
1852: 0.5, 20.5 (0, -1); 29.5, 0.5 (1, -1)
3562: 86.5, 0.5 (1, -1)
211: 4.5, 4.5 (1, 0); 6.5, 0.5 (-1, -1); 4.5, 6.5 (0, -1); 4.5, 3.5 (1, -1)
473: 5.5, 4.5 (-1, -1); 0.5, 8.5 (0, -1); 9.5, 0.5 (1, -1)
1758: 8.5, 3.5 (-1, 1); 6.5, 5.5 (1, 1); 4.5, 12.5 (0, 0); 7.5, 3.5 (0, -1); 6.5, 11.5 (1, -1)
2465: 8.5, 0.5 (1, 1); 8.5, 3.5 (0, 0); 2.5, 15.5 (-1, -1); 8.5, 5.5 (1, -1)
2507: 15.5, 0.5 (0, 0); 7.5, 0.5 (-1, -1); 5.5, 3.5 (1, -1)
64: 11.5, 18.5 (0, 1); 7.5, 20.5 (0, 0); 7.5, 27.5 (1, 0); 4.5, 31.5 (-1, -1); 5.5, 37.5 (0, -1); 10.5, 25.5 (1, -1)
1954: 18.5, 0.5 (0, 1); 8.5, 1.5 (-1, 0); 11.5, 1.5 (0, 0); 13.5, 0.5 (0, -1); 18.5, 2.5 (1, -1)
7363: 0.5, 7.5 (0, 1); 8.5, 3.5 (0, 0); 2.5, 14.5 (1, 0); 5.5, 3.5 (0, -1)
7525: 9.5, 5.5 (0, 1); 11.5, 0.5 (1, 0); 11.5, 0.5 (0, -1)
7528: 22.5, 0.5 (1, 0); 25.5, 0.5 (0, -1)
8710: 79.5, 0.5 (0, -1)
208: 5.5, 8.5 (0, 1); 6.5, 9.5 (1, 0); 15.5, 0.5 (-1, -1); 6.5, 11.5 (0, -1); 4.5, 8.5 (1, -1)
1867: 15.5, 0.5 (1, 1); 2.5, 8.5 (-1, 0); 6.5, 4.5 (0, -1); 3.5, 8.5 (1, -1)
1921: 10.5, 0.5 (1, 1); 5.5, 6.5 (0, -1); 7.5, 4.5 (1, -1)
194: 3.5, 2.5 (1, 1); 1.5, 3.5 (1, 0); 5.5, 4.5 (-1, -1); 1.5, 2.5 (0, -1); 5.5, 2.5 (1, -1)
1209: 7.5, 0.5 (-1, 1); 11.5, 0.5 (0, -1); 18.5, 0.5 (1, -1)
3396: 0.5, 21.5 (-1, 1); 19.5, 0.5 (1, -1)
1278: 5.5, 3.5 (-1, 1); 3.5, 0.5 (0, 1); 5.5, 0.5 (0, 0); 6.5, 2.5 (0, -1); 0.5, 5.5 (1, -1)
1226: 7.5, 3.5 (0, 1); 10.5, 3.5 (-1, 0); 17.5, 0.5 (0, 0); 8.5, 5.5 (0, -1); 12.5, 0.5 (1, -1)
2035: 3.5, 5.5 (0, 1); 0.5, 8.5 (-1, 0); 1.5, 9.5 (0, -1); 2.5, 2.5 (1, -1)
2089: 8.5, 0.5 (0, 1); 12.5, 0.5 (0, -1); 12.5, 0.5 (1, -1)
4276: 0.5, 12.5 (0, 1); 0.5, 23.5 (1, -1)
1234: 3.5, 8.5 (0, 1); 13.5, 0.5 (-1, 0); 8.5, 6.5 (0, 0); 13.5, 9.5 (0, -1); 19.5, 1.5 (1, -1)
438: 2.5, 5.5 (-1, 1); 1.5, 4.5 (1, 1); 2.5, 5.5 (-1, -1); 1.5, 3.5 (0, -1); 1.5, 5.5 (1, -1)
2625: 3.5, 2.5 (-1, 1); 5.5, 0.5 (1, 1); 3.5, 0.5 (-1, -1); 2.5, 2.5 (1, -1)
910: 14.5, 1.5 (0, 1); 21.5, 0.5 (-1, 0); 8.5, 0.5 (1, 0); 15.5, 2.5 (0, -1); 16.5, 1.5 (1, -1)
1153: 1.5, 6.5 (0, 1); 9.5, 4.5 (-1, 0); 1.5, 2.5 (0, -1); 1.5, 7.5 (1, -1)
1207: 13.5, 0.5 (0, 1); 17.5, 0.5 (0, -1); 9.5, 0.5 (1, -1)
3394: 0.5, 27.5 (0, 1); 22.5, 0.5 (1, -1)
1704: 4.5, 8.5 (-1, 1); 14.5, 4.5 (1, 1); 7.5, 10.5 (-1, 0); 14.5, 8.5 (0, 0); 9.5, 4.5 (0, -1); 11.5, 6.5 (1, -1)
1866: 4.5, 4.5 (-1, 1); 4.5, 4.5 (1, 1); 1.5, 8.5 (-1, 0); 1.5, 6.5 (0, -1); 4.5, 7.5 (1, -1)
2571: 4.5, 1.5 (-1, 1); 2.5, 0.5 (1, 1); 3.5, 1.5 (-1, -1); 3.5, 3.5 (1, -1)
4245: 2.5, 0.5 (-1, 1); 7.5, 0.5 (1, 1); 10869.5, 0.5 (1, -1)
4246: 0.5, 22.5 (1, 1); 10873.5, 0.5 (1, -1)
2585: 11.5, 0.5 (0, 1); 7.5, 5.5 (-1, -1); 0.5, 13.5 (1, -1)
10820: 91.5, 0.5 (0, 1)
1197: 2.5, 8.5 (-1, 1); 5.5, 5.5 (0, 1); 0.5, 5.5 (0, -1); 6.5, 3.5 (1, -1)
1199: 6.5, 3.5 (0, 1); 7.5, 8.5 (0, -1); 12.5, 0.5 (1, -1)
272: 10.5, 20.5 (0, 1); 13.5, 23.5 (1, 1); 28.5, 9.5 (0, 0); 5.5, 26.5 (-1, -1); 8.5, 30.5 (0, -1); 14.5, 16.5 (1, -1)
1746: 3.5, 0.5 (-1, 1); 2.5, 8.5 (0, 1); 6.5, 0.5 (0, 0); 2.5, 4.5 (0, -1); 3.5, 2.5 (1, -1)
989: 0.5, 9.5 (-1, 0); 5.5, 7.5 (0, 0); 3.5, 12.5 (0, -1); 7.5, 4.5 (1, -1)
3467: 11.5, 4.5 (0, 1); 14.5, 0.5 (0, 0); 6.5, 0.5 (1, -1)
3470: 13.5, 0.5 (0, 0); 0.5, 21.5 (1, -1)
1222: 14.5, 5.5 (1, 1); 13.5, 0.5 (-1, 0); 14.5, 2.5 (0, 0); 12.5, 1.5 (0, -1); 13.5, 1.5 (1, -1)
3409: 0.5, 10.5 (1, 1); 1.5, 3.5 (-1, 0); 1.5, 9.5 (0, 0); 0.5, 7.5 (1, -1)
3463: 5.5, 4.5 (1, 1); 9.5, 0.5 (0, 0); 5.5, 0.5 (1, -1)
3472: 17.5, 0.5 (0, 0); 0.5, 23.5 (1, -1)
1136: 2.5, 8.5 (0, 1); 6.5, 10.5 (1, 1); 2.5, 16.5 (-1, 0); 6.5, 4.5 (0, -1); 12.5, 2.5 (1, -1)
1231: 7.5, 4.5 (-1, 0); 8.5, 3.5 (0, 0); 2.5, 13.5 (0, -1); 0.5, 7.5 (1, -1)
5605: 9.5, 0.5 (-1, 0); 14.5, 0.5 (0, 0); 10.5, 4.5 (1, -1)
7846: 10.5, 0.5 (0, 0); 0.5, 13.5 (0, -1)
12220: 13.5, 0.5 (0, 0)
76: 18.5, 1.5 (0, 0); 7.5, 2.5 (1, 0); 11.5, 3.5 (-1, -1); 6.5, 7.5 (0, -1); 9.5, 4.5 (1, -1)
319: 6.5, 0.5 (0, 0); 5.5, 6.5 (-1, -1); 7.5, 4.5 (0, -1); 8.5, 1.5 (1, -1)
1985: 9.5, 0.5 (0, 0); 7.5, 0.5 (0, -1); 7.5, 0.5 (1, -1)
8546: 29.5, 0.5 (0, 0); 25.5, 0.5 (0, -1)
1145: 7.5, 1.5 (0, 1); 2.5, 9.5 (-1, 0); 11.5, 8.5 (0, -1); 12.5, 0.5 (1, -1)
3575: 0.5, 12.5 (0, 1); 2.5, 11.5 (-1, 0); 11.5, 0.5 (1, -1)
443: 6.5, 5.5 (0, 1); 3.5, 7.5 (-1, -1); 5.5, 7.5 (0, -1); 10.5, 0.5 (1, -1)
449: 0.5, 13.5 (-1, -1); 6.5, 4.5 (0, -1); 9.5, 0.5 (1, -1)
68: 7.5, 3.5 (0, 0); 11.5, 7.5 (1, 0); 7.5, 5.5 (-1, -1); 2.5, 5.5 (0, -1); 5.5, 3.5 (1, -1)
1007: 6.5, 0.5 (1, 1); 12.5, 0.5 (0, 0); 6.5, 4.5 (0, -1); 3.5, 5.5 (1, -1)
4153: 0.5, 9.5 (-1, 0); 9.5, 0.5 (0, 0); 5.5, 4.5 (1, -1)
8314: 22.5, 0.5 (0, 0); 0.5, 15.5 (0, -1)
10768: 36.5, 0.5 (0, 0)
1587: 0.5, 10.5 (-1, 1); 0.5, 5.5 (1, 0); 2.5, 3.5 (0, -1); 0.5, 3.5 (1, -1)
2073: 7.5, 8.5 (-1, 1); 18.5, 0.5 (0, -1); 11.5, 0.5 (1, -1)
2074: 0.5, 24.5 (0, -1); 27.5, 0.5 (1, -1)
799: 9.5, 0.5 (0, 0); 1.5, 5.5 (1, 0); 1.5, 3.5 (0, -1); 1.5, 3.5 (1, -1)
1285: 8.5, 0.5 (0, 0); 6.5, 6.5 (0, -1); 3.5, 6.5 (1, -1)
8597: 1.5, 2.5 (0, 1); 8.5, 0.5 (-1, 0); 0.5, 1.5 (0, -1)
1901: 4.5, 6.5 (0, 1); 9.5, 3.5 (0, -1); 14.5, 0.5 (1, -1)
437: 7.5, 0.5 (1, 1); 8.5, 5.5 (-1, -1); 5.5, 3.5 (0, -1); 9.5, 0.5 (1, -1)
1895: 7.5, 7.5 (1, 1); 0.5, 8.5 (0, -1); 3.5, 6.5 (1, -1)
1159: 10.5, 0.5 (-1, 0); 14.5, 0.5 (0, -1); 5.5, 6.5 (1, -1)
7496: 0.5, 16.5 (1, 0); 16.5, 0.5 (0, -1)
287: 3.5, 4.5 (0, 0); 0.5, 12.5 (-1, -1); 2.5, 12.5 (0, -1); 3.5, 2.5 (1, -1)
3461: 6.5, 4.5 (1, 1); 8.5, 0.5 (0, 0); 13.5, 0.5 (1, -1)
1743: 0.5, 8.5 (-1, 1); 6.5, 2.5 (0, 0); 5.5, 8.5 (0, -1); 3.5, 5.5 (1, -1)
4145: 10.5, 0.5 (-1, 0); 11.5, 0.5 (0, 0); 1.5, 5.5 (1, -1)
10706: 7.5, 0.5 (-1, 0); 4.5, 0.5 (0, 0)
1202: 0.5, 20.5 (0, -1); 16.5, 0.5 (1, -1)
1037: 0.5, 7.5 (0, 1); 7.5, 8.5 (0, 0); 0.5, 12.5 (0, -1); 2.5, 7.5 (1, -1)
3614: 70.5, 0.5 (1, -1)
1281: 0.5, 4.5 (-1, 1); 3.5, 0.5 (0, 0); 2.5, 13.5 (0, -1); 0.5, 7.5 (1, -1)
3471: 8.5, 2.5 (-1, 1); 11.5, 0.5 (0, 0); 7.5, 0.5 (1, -1)
622: 12.5, 0.5 (0, 1); 16.5, 0.5 (1, 1); 8.5, 4.5 (-1, -1); 17.5, 0.5 (0, -1); 11.5, 0.5 (1, -1)
933: 8.5, 2.5 (-1, 1); 1.5, 7.5 (1, 0); 11.5, 0.5 (0, -1); 8.5, 3.5 (1, -1)
92: 9.5, 36.5 (0, 1); 15.5, 22.5 (-1, 0); 6.5, 28.5 (1, 0); 16.5, 17.5 (-1, -1); 11.5, 35.5 (0, -1); 3.5, 34.5 (1, -1)
1558: 4.5, 1.5 (0, 1); 3.5, 1.5 (-1, 0); 1.5, 1.5 (1, 0); 10.5, 0.5 (0, -1); 16.5, 0.5 (1, -1)
1561: 0.5, 6.5 (-1, 0); 1.5, 7.5 (1, 0); 5.5, 2.5 (0, -1); 6.5, 8.5 (1, -1)
8363: 8.5, 4.5 (0, 1); 10.5, 0.5 (-1, 0); 0.5, 3.5 (0, -1)
10550: 6.5, 0.5 (0, 1); 4.5, 0.5 (-1, 0)
3569: 0.5, 4.5 (1, 1); 5.5, 3.5 (-1, 0); 15.5, 0.5 (1, -1)
1113: 3.5, 5.5 (-1, 1); 3.5, 1.5 (1, 1); 0.5, 13.5 (0, -1); 1.5, 8.5 (1, -1)
2815: 12.5, 0.5 (1, 1); 14.5, 0.5 (-1, -1); 11.5, 0.5 (1, -1)
4219: 9.5, 0.5 (1, 1); 6.5, 0.5 (-1, 0); 14.5, 0.5 (1, -1)
4228: 0.5, 21.5 (-1, 0); 20.5, 0.5 (1, -1)
1303: 5.5, 9.5 (1, 1); 0.5, 9.5 (-1, 0); 0.5, 16.5 (0, -1); 1.5, 11.5 (1, -1)
1321: 14.5, 0.5 (-1, 0); 4.5, 6.5 (0, -1); 11.5, 0.5 (1, -1)
3508: 0.5, 19.5 (-1, 0); 12.5, 0.5 (1, -1)
150: 18.5, 0.5 (-1, 1); 10.5, 0.5 (1, 0); 13.5, 0.5 (-1, -1); 15.5, 2.5 (0, -1); 21.5, 3.5 (1, -1)
980: 12.5, 7.5 (1, 1); 2.5, 14.5 (-1, 0); 11.5, 9.5 (0, 0); 9.5, 9.5 (0, -1); 7.5, 7.5 (1, -1)
3421: 1.5, 12.5 (0, 1); 7.5, 5.5 (-1, 0); 3.5, 8.5 (0, 0); 10.5, 0.5 (1, -1)
3427: 12.5, 0.5 (-1, 0); 11.5, 1.5 (0, 0); 6.5, 0.5 (1, -1)
157: 2.5, 11.5 (1, 0); 0.5, 11.5 (-1, -1); 6.5, 8.5 (0, -1); 3.5, 4.5 (1, -1)
2059: 9.5, 0.5 (1, 1); 9.5, 0.5 (0, -1); 12.5, 0.5 (1, -1)
2068: 0.5, 18.5 (0, -1); 20.5, 0.5 (1, -1)
462: 8.5, 6.5 (-1, 1); 9.5, 3.5 (1, 1); 12.5, 5.5 (-1, -1); 6.5, 7.5 (0, -1); 13.5, 6.5 (1, -1)
463: 15.5, 0.5 (1, 1); 6.5, 7.5 (-1, -1); 1.5, 1.5 (0, -1); 5.5, 10.5 (1, -1)
481: 13.5, 0.5 (-1, -1); 3.5, 4.5 (0, -1); 8.5, 8.5 (1, -1)
2668: 17.5, 0.5 (-1, -1); 23.5, 0.5 (1, -1)
4173: 5.5, 0.5 (-1, 1); 5.5, 0.5 (0, 0); 8.5, 0.5 (1, -1)
4254: 12.5, 0.5 (-1, 1); 7.5, 0.5 (1, -1)
1179: 14.5, 0.5 (-1, 1); 8.5, 4.5 (0, 1); 5.5, 8.5 (0, -1); 3.5, 8.5 (1, -1)
311: 7.5, 6.5 (0, 0); 9.5, 0.5 (-1, -1); 1.5, 11.5 (0, -1); 8.5, 3.5 (1, -1)
2491: 4.5, 5.5 (1, 1); 2.5, 7.5 (0, 0); 2.5, 3.5 (-1, -1); 7.5, 0.5 (1, -1)
2653: 8.5, 0.5 (1, 1); 7.5, 0.5 (-1, -1); 6.5, 0.5 (1, -1)
1130: 31.5, 0.5 (0, -1); 0.5, 9.5 (1, -1)
1777: 8.5, 0.5 (0, 0); 5.5, 4.5 (0, -1); 6.5, 8.5 (1, -1)
3940: 15.5, 0.5 (0, 0); 0.5, 22.5 (1, -1)
4174: 29.5, 0.5 (0, 0); 16.5, 0.5 (1, -1)
1331: 8.5, 0.5 (1, 1); 8.5, 2.5 (0, -1); 7.5, 6.5 (1, -1)
3518: 12.5, 0.5 (1, 1); 0.5, 32.5 (1, -1)
6448: 56.5, 0.5 (1, -1)
1716: 11.5, 3.5 (-1, 1); 11.5, 4.5 (-1, 0); 12.5, 0.5 (0, 0); 8.5, 2.5 (0, -1); 22.5, 0.5 (1, -1)
3477: 0.5, 7.5 (-1, 1); 9.5, 0.5 (0, 0); 12.5, 0.5 (1, -1)
550: 7.5, 0.5 (0, 1); 6.5, 0.5 (0, 0); 5.5, 2.5 (-1, -1); 5.5, 1.5 (0, -1); 4.5, 4.5 (1, -1)
1237: 2.5, 5.5 (-1, 0); 2.5, 10.5 (0, 0); 5.5, 4.5 (0, -1); 6.5, 0.5 (1, -1)
8150: 0.5, 15.5 (1, 0); 0.5, 6.5 (0, -1)
8636: 74.5, 0.5 (0, -1)
2731: 5.5, 2.5 (1, 1); 8.5, 0.5 (0, 0); 1.5, 8.5 (-1, -1); 2.5, 7.5 (1, -1)
1759: 3.5, 6.5 (1, 1); 2.5, 7.5 (0, 0); 2.5, 3.5 (0, -1); 3.5, 5.5 (1, -1)
2501: 6.5, 4.5 (0, 0); 7.5, 0.5 (-1, -1); 9.5, 0.5 (1, -1)
2503: 3.5, 7.5 (0, 1); 4.5, 7.5 (0, 0); 7.5, 11.5 (-1, -1); 8.5, 3.5 (1, -1)
4169: 7.5, 0.5 (0, 1); 10.5, 0.5 (0, 0); 14.5, 0.5 (1, -1)
8708: 87.5, 0.5 (0, -1)
1767: 7.5, 0.5 (-1, 1); 2.5, 10.5 (0, 0); 7.5, 7.5 (0, -1); 6.5, 5.5 (1, -1)
1929: 9.5, 0.5 (-1, 1); 3.5, 5.5 (0, -1); 10.5, 0.5 (1, -1)
544: 10.5, 0.5 (1, 1); 13.5, 0.5 (0, 0); 5.5, 7.5 (-1, -1); 5.5, 4.5 (0, -1); 4.5, 2.5 (1, -1)
1273: 7.5, 5.5 (1, 1); 10.5, 0.5 (0, 0); 1.5, 9.5 (0, -1); 7.5, 7.5 (1, -1)
3475: 0.5, 12.5 (0, 1); 6.5, 8.5 (0, 0); 11.5, 0.5 (1, -1)
3478: 16.5, 0.5 (0, 0); 25.5, 0.5 (1, -1)
1220: 12.5, 7.5 (1, 1); 9.5, 11.5 (-1, 0); 13.5, 1.5 (0, 0); 10.5, 2.5 (0, -1); 13.5, 1.5 (1, -1)
4165: 14.5, 0.5 (1, 1); 9.5, 0.5 (0, 0); 16.5, 0.5 (1, -1)
1418: 29.5, 0.5 (0, -1); 24.5, 0.5 (1, -1)
3344: 0.5, 23.5 (-1, 0); 23.5, 0.5 (1, -1)
624: 2.5, 1.5 (-1, 1); 8.5, 0.5 (1, 1); 2.5, 0.5 (-1, -1); 7.5, 0.5 (0, -1); 9.5, 0.5 (1, -1)
625: 1.5, 10.5 (1, 1); 0.5, 7.5 (-1, -1); 0.5, 10.5 (0, -1); 0.5, 8.5 (1, -1)
3544: 0.5, 18.5 (1, 1); 0.5, 26.5 (1, -1)
2743: 7.5, 0.5 (0, 0); 2.5, 2.5 (-1, -1); 2.5, 3.5 (1, -1)
2824: 0.5, 14.5 (-1, -1); 0.5, 15.5 (1, -1)
1789: 0.5, 17.5 (1, 1); 2.5, 10.5 (-1, 0); 4.5, 11.5 (0, -1); 5.5, 7.5 (1, -1)
802: 8.5, 6.5 (0, 1); 14.5, 1.5 (0, 0); 14.5, 0.5 (1, 0); 5.5, 5.5 (0, -1); 9.5, 1.5 (1, -1)
8543: 7.5, 0.5 (0, 1); 9.5, 0.5 (0, 0); 8.5, 0.5 (0, -1)
2660: 23.5, 0.5 (-1, -1); 22.5, 0.5 (1, -1)
8366: 22.5, 0.5 (-1, 0); 0.5, 35.5 (0, -1)
2667: 4.5, 4.5 (-1, 1); 7.5, 0.5 (-1, -1); 5.5, 3.5 (1, -1)
4334: 67.5, 0.5 (1, -1)
1873: 4.5, 6.5 (0, 1); 0.5, 9.5 (-1, 0); 3.5, 7.5 (0, -1); 5.5, 5.5 (1, -1)
1706: 2.5, 6.5 (1, 1); 8.5, 5.5 (-1, 0); 7.5, 8.5 (0, 0); 4.5, 10.5 (0, -1); 3.5, 11.5 (1, -1)
397: 3.5, 11.5 (0, 1); 0.5, 8.5 (-1, -1); 1.5, 11.5 (0, -1); 6.5, 3.5 (1, -1)
1351: 0.5, 2.5 (0, 1); 3.5, 2.5 (1, 1); 0.5, 7.5 (0, -1); 5.5, 4.5 (1, -1)
1357: 12.5, 0.5 (1, 1); 13.5, 0.5 (0, -1); 7.5, 0.5 (1, -1)
1993: 7.5, 8.5 (0, 0); 0.5, 10.5 (0, -1); 4.5, 1.5 (1, -1)
861: 10.5, 0.5 (-1, 1); 2.5, 1.5 (1, 0); 4.5, 9.5 (0, -1); 4.5, 7.5 (1, -1)
967: 7.5, 0.5 (1, 0); 5.5, 2.5 (0, -1); 5.5, 8.5 (1, -1)
1210: 19.5, 0.5 (0, -1); 21.5, 0.5 (1, -1)
393: 1.5, 6.5 (-1, 1); 7.5, 5.5 (-1, -1); 0.5, 8.5 (0, -1); 3.5, 5.5 (1, -1)
5720: 10930.5, 0.5 (1, -1)
1109: 5.5, 3.5 (0, 1); 5.5, 3.5 (1, 1); 3.5, 6.5 (0, -1); 0.5, 13.5 (1, -1)
1115: 10.5, 0.5 (1, 1); 6.5, 9.5 (0, -1); 1.5, 3.5 (1, -1)
8624: 14.5, 0.5 (0, 1); 13.5, 0.5 (0, -1)
3372: 21.5, 0.5 (-1, 1); 0.5, 15.5 (1, -1)
1061: 11.5, 0.5 (1, 1); 4.5, 9.5 (-1, 0); 3.5, 9.5 (0, -1); 1.5, 9.5 (1, -1)
7844: 15.5, 0.5 (0, 0); 0.5, 22.5 (0, -1)
8123: 12.5, 0.5 (-1, 0); 11.5, 7.5 (1, 0); 13.5, 0.5 (0, -1)
3939: 5.5, 5.5 (-1, 1); 12.5, 0.5 (0, 0); 0.5, 13.5 (1, -1)
4180: 22.5, 0.5 (0, 0); 22.5, 0.5 (1, -1)
178: 4.5, 5.5 (-1, 0); 3.5, 6.5 (1, 0); 2.5, 3.5 (-1, -1); 7.5, 0.5 (0, -1); 2.5, 5.5 (1, -1)
907: 2.5, 0.5 (-1, 0); 5.5, 5.5 (1, 0); 8.5, 0.5 (0, -1); 3.5, 8.5 (1, -1)
752: 8.5, 5.5 (-1, 0); 19.5, 2.5 (0, 0); 8.5, 1.5 (1, 0); 11.5, 4.5 (0, -1); 14.5, 0.5 (1, -1)
7313: 1.5, 1.5 (-1, 0); 2.5, 1.5 (0, 0); 1.5, 4.5 (1, 0); 7.5, 0.5 (0, -1)
7475: 1.5, 0.5 (-1, 0); 4.5, 0.5 (1, 0); 6.5, 0.5 (0, -1)
3318: 23.5, 0.5 (-1, 1); 22.5, 0.5 (1, -1)
1735: 2.5, 9.5 (1, 1); 14.5, 0.5 (0, 0); 4.5, 6.5 (0, -1); 3.5, 7.5 (1, -1)
2741: 9.5, 0.5 (0, 0); 3.5, 2.5 (-1, -1); 0.5, 13.5 (1, -1)
3236: 0.5, 23.5 (0, 0); 0.5, 20.5 (1, -1)
142: 4.5, 0.5 (1, 1); 5.5, 0.5 (1, 0); 8.5, 0.5 (-1, -1); 13.5, 0.5 (0, -1); 3.5, 0.5 (1, -1)
1793: 1.5, 10.5 (0, 1); 11.5, 0.5 (-1, 0); 7.5, 4.5 (0, -1); 0.5, 3.5 (1, -1)
3503: 10.5, 0.5 (0, 1); 0.5, 17.5 (-1, 0); 7.5, 0.5 (1, -1)
3530: 16.5, 0.5 (0, 1); 34.5, 0.5 (1, -1)
125: 5.5, 4.5 (1, 0); 5.5, 7.5 (-1, -1); 0.5, 15.5 (0, -1); 0.5, 10.5 (1, -1)
1355: 18.5, 0.5 (1, 1); 12.5, 0.5 (0, -1); 7.5, 0.5 (1, -1)
1139: 12.5, 3.5 (1, 1); 6.5, 6.5 (-1, 0); 8.5, 5.5 (0, -1); 7.5, 0.5 (1, -1)
2665: 10.5, 1.5 (0, 1); 10.5, 0.5 (-1, -1); 6.5, 5.5 (1, -1)
5611: 5.5, 0.5 (-1, 0); 6.5, 7.5 (0, 0); 8.5, 0.5 (1, -1)
2041: 11.5, 0.5 (-1, 0); 8.5, 0.5 (0, -1); 10.5, 0.5 (1, -1)
1073: 10.5, 0.5 (0, 1); 8.5, 2.5 (-1, 0); 4.5, 6.5 (0, -1); 4.5, 10.5 (1, -1)
7768: 0.5, 27.5 (0, 1); 16.5, 0.5 (0, -1)
961: 2.5, 2.5 (1, 0); 0.5, 1.5 (0, -1); 0.5, 6.5 (1, -1)
1204: 21.5, 0.5 (0, -1); 20.5, 0.5 (1, -1)
146: 5.5, 8.5 (0, 1); 8.5, 8.5 (1, 0); 15.5, 0.5 (-1, -1); 8.5, 4.5 (0, -1); 8.5, 6.5 (1, -1)
3413: 0.5, 6.5 (0, 1); 1.5, 12.5 (-1, 0); 4.5, 2.5 (0, 0); 3.5, 7.5 (1, -1)
1229: 4.5, 9.5 (-1, 0); 11.5, 0.5 (0, 0); 4.5, 6.5 (0, -1); 3.5, 5.5 (1, -1)
8071: 10.5, 0.5 (0, 0); 2.5, 10.5 (1, 0); 2.5, 5.5 (0, -1)
2029: 3.5, 11.5 (1, 1); 0.5, 12.5 (-1, 0); 2.5, 8.5 (0, -1); 6.5, 6.5 (1, -1)
2047: 7.5, 5.5 (-1, 0); 6.5, 0.5 (0, -1); 10.5, 0.5 (1, -1)
1805: 8.5, 0.5 (-1, 0); 9.5, 0.5 (0, -1); 8.5, 5.5 (1, -1)
4141: 10.5, 2.5 (0, 1); 0.5, 8.5 (-1, 0); 6.5, 2.5 (0, 0); 4.5, 10.5 (1, -1)
4195: 13.5, 0.5 (0, 1); 6.5, 0.5 (0, 0); 4.5, 1.5 (1, -1)
1730: 2.5, 1.5 (0, 1); 5.5, 0.5 (1, 1); 11.5, 0.5 (0, 0); 3.5, 3.5 (0, -1); 5.5, 1.5 (1, -1)
1784: 6.5, 1.5 (0, 1); 3.5, 3.5 (1, 1); 11.5, 0.5 (-1, 0); 2.5, 4.5 (0, -1); 2.5, 3.5 (1, -1)
900: 8.5, 2.5 (-1, 1); 9.5, 1.5 (0, 1); 8.5, 3.5 (-1, 0); 3.5, 3.5 (1, 0); 2.5, 4.5 (0, -1); 5.5, 2.5 (1, -1)
902: 2.5, 2.5 (0, 1); 5.5, 2.5 (-1, 0); 3.5, 10.5 (1, 0); 5.5, 4.5 (0, -1); 9.5, 0.5 (1, -1)
995: 4.5, 7.5 (-1, 0); 8.5, 1.5 (0, 0); 6.5, 5.5 (0, -1); 3.5, 4.5 (1, -1)
10742: 83.5, 0.5 (0, 0)
3583: 0.5, 9.5 (0, 1); 12.5, 0.5 (-1, 0); 6.5, 0.5 (1, -1)
3586: 21.5, 0.5 (-1, 0); 14.5, 0.5 (1, -1)
1739: 0.5, 5.5 (0, 1); 3.5, 12.5 (0, 0); 0.5, 10.5 (0, -1); 6.5, 2.5 (1, -1)
1799: 16.5, 0.5 (-1, 0); 3.5, 3.5 (0, -1); 10.5, 0.5 (1, -1)
380: 7.5, 8.5 (0, 1); 9.5, 3.5 (1, 1); 7.5, 2.5 (-1, -1); 3.5, 5.5 (0, -1); 3.5, 8.5 (1, -1)
3419: 10.5, 0.5 (-1, 0); 15.5, 0.5 (0, 0); 8.5, 0.5 (1, -1)
1875: 4.5, 4.5 (-1, 1); 1.5, 5.5 (-1, 0); 0.5, 4.5 (0, -1); 1.5, 4.5 (1, -1)
1315: 0.5, 9.5 (0, 1); 3.5, 4.5 (-1, 0); 1.5, 7.5 (0, -1); 11.5, 0.5 (1, -1)
5689: 7.5, 3.5 (0, 1); 5.5, 0.5 (-1, 0); 15.5, 0.5 (1, -1)
798: 6.5, 2.5 (-1, 1); 6.5, 0.5 (0, 0); 7.5, 0.5 (1, 0); 5.5, 1.5 (0, -1); 5.5, 0.5 (1, -1)
308: 7.5, 7.5 (0, 1); 8.5, 2.5 (0, 0); 10.5, 2.5 (-1, -1); 6.5, 3.5 (0, -1); 16.5, 0.5 (1, -1)
389: 0.5, 14.5 (0, 1); 7.5, 0.5 (-1, -1); 2.5, 9.5 (0, -1); 4.5, 2.5 (1, -1)
1905: 6.5, 7.5 (-1, 1); 6.5, 0.5 (0, -1); 9.5, 0.5 (1, -1)
3989: 2.5, 0.5 (0, 1); 6.5, 0.5 (-1, 0); 0.5, 4.5 (1, -1)
176: 6.5, 9.5 (-1, 0); 1.5, 5.5 (1, 0); 5.5, 11.5 (-1, -1); 2.5, 8.5 (0, -1); 11.5, 7.5 (1, -1)
913: 13.5, 0.5 (-1, 0); 1.5, 2.5 (1, 0); 4.5, 7.5 (0, -1); 6.5, 6.5 (1, -1)
1722: 3.5, 3.5 (-1, 1); 0.5, 4.5 (-1, 0); 6.5, 1.5 (0, 0); 2.5, 4.5 (0, -1); 2.5, 7.5 (1, -1)
1751: 11.5, 0.5 (0, 0); 6.5, 6.5 (0, -1); 2.5, 6.5 (1, -1)
1803: 3.5, 4.5 (-1, 1); 0.5, 2.5 (-1, 0); 0.5, 2.5 (0, -1); 0.5, 2.5 (1, -1)
1203: 8.5, 7.5 (-1, 1); 16.5, 0.5 (0, -1); 10.5, 0.5 (1, -1)
1178: 23.5, 0.5 (0, -1); 20.5, 0.5 (1, -1)
104: 5.5, 0.5 (-1, 0); 6.5, 0.5 (1, 0); 8.5, 1.5 (-1, -1); 8.5, 0.5 (0, -1); 7.5, 0.5 (1, -1)
1191: 2.5, 5.5 (-1, 1); 12.5, 4.5 (1, 1); 6.5, 6.5 (0, -1); 8.5, 0.5 (1, -1)
1983: 2.5, 4.5 (-1, 1); 4.5, 9.5 (0, 0); 5.5, 3.5 (0, -1); 2.5, 12.5 (1, -1)
2145: 15.5, 0.5 (-1, 1); 16.5, 0.5 (0, -1); 13.5, 0.5 (1, -1)
3449: 1.5, 4.5 (0, 1); 0.5, 10.5 (0, 0); 8.5, 0.5 (1, -1)
290: 9.5, 4.5 (0, 1); 8.5, 0.5 (0, 0); 6.5, 3.5 (-1, -1); 1.5, 1.5 (0, -1); 3.5, 1.5 (1, -1)
293: 4.5, 0.5 (0, 0); 1.5, 2.5 (-1, -1); 2.5, 4.5 (0, -1); 4.5, 4.5 (1, -1)
455: 2.5, 4.5 (-1, -1); 0.5, 2.5 (0, -1); 2.5, 1.5 (1, -1)
2642: 7.5, 0.5 (-1, -1); 8.5, 0.5 (1, -1)
2083: 9.5, 0.5 (1, 1); 7.5, 0.5 (0, -1); 9.5, 0.5 (1, -1)
1591: 12.5, 0.5 (1, 0); 6.5, 0.5 (0, -1); 10.5, 0.5 (1, -1)
4172: 9.5, 0.5 (0, 0); 0.5, 28.5 (1, -1)
857: 9.5, 0.5 (0, 1); 10.5, 0.5 (1, 0); 0.5, 9.5 (0, -1); 1.5, 7.5 (1, -1)
1343: 6.5, 6.5 (0, 1); 0.5, 10.5 (0, -1); 4.5, 4.5 (1, -1)
1141: 3.5, 7.5 (1, 1); 5.5, 2.5 (-1, 0); 5.5, 0.5 (0, -1); 6.5, 6.5 (1, -1)
313: 3.5, 4.5 (0, 0); 6.5, 9.5 (-1, -1); 2.5, 7.5 (0, -1); 6.5, 4.5 (1, -1)
10528: 52.5, 0.5 (0, 0)
1325: 3.5, 7.5 (0, 1); 8.5, 0.5 (1, 1); 3.5, 5.5 (0, -1); 3.5, 6.5 (1, -1)
2071: 3.5, 6.5 (0, 1); 3.5, 6.5 (0, -1); 4.5, 0.5 (1, -1)
1341: 12.5, 0.5 (-1, 1); 2.5, 2.5 (0, 1); 1.5, 8.5 (0, -1); 8.5, 0.5 (1, -1)
1851: 10.5, 0.5 (-1, 1); 5.5, 2.5 (0, -1); 12.5, 0.5 (1, -1)
887: 10.5, 0.5 (1, 0); 7.5, 0.5 (0, -1); 13.5, 0.5 (1, -1)
1723: 4.5, 7.5 (-1, 0); 6.5, 0.5 (0, 0); 9.5, 5.5 (0, -1); 10.5, 5.5 (1, -1)
8285: 3.5, 8.5 (-1, 0); 8.5, 6.5 (0, 0); 0.5, 12.5 (0, -1)
1169: 0.5, 10.5 (1, 1); 0.5, 8.5 (0, -1); 0.5, 9.5 (1, -1)
3994: 0.5, 22.5 (-1, 0); 0.5, 26.5 (1, -1)
2039: 12.5, 0.5 (-1, 0); 8.5, 0.5 (0, -1); 5.5, 4.5 (1, -1)
1708: 13.5, 3.5 (1, 1); 9.5, 7.5 (-1, 0); 23.5, 2.5 (0, 0); 16.5, 5.5 (0, -1); 11.5, 2.5 (1, -1)
1843: 11.5, 0.5 (1, 1); 8.5, 0.5 (0, -1); 14.5, 0.5 (1, -1)
1399: 12.5, 0.5 (-1, 0); 0.5, 5.5 (0, -1); 5.5, 2.5 (1, -1)
1807: 12.5, 0.5 (-1, 0); 14.5, 0.5 (0, -1); 10.5, 0.5 (1, -1)
1839: 10.5, 0.5 (-1, 1); 3.5, 7.5 (1, 1); 6.5, 4.5 (0, -1); 6.5, 5.5 (1, -1)
2573: 2.5, 0.5 (1, 1); 3.5, 3.5 (-1, -1); 0.5, 7.5 (1, -1)
3534: 12.5, 0.5 (-1, 1); 8.5, 0.5 (1, -1)
1415: 9.5, 5.5 (0, 1); 2.5, 1.5 (0, -1); 14.5, 0.5 (1, -1)
1077: 8.5, 0.5 (-1, 1); 4.5, 4.5 (-1, 0); 2.5, 8.5 (0, -1); 8.5, 4.5 (1, -1)
3392: 47.5, 0.5 (1, -1)
3453: 4.5, 0.5 (-1, 1); 0.5, 7.5 (0, 0); 7.5, 0.5 (1, -1)
1041: 0.5, 10.5 (-1, 1); 9.5, 6.5 (0, 0); 0.5, 3.5 (0, -1); 3.5, 11.5 (1, -1)
3435: 0.5, 7.5 (-1, 1); 0.5, 4.5 (1, 1); 0.5, 7.5 (0, 0); 1.5, 6.5 (1, -1)
3597: 7.5, 0.5 (-1, 1); 5.5, 0.5 (1, 1); 10.5, 0.5 (1, -1)
1734: 12.5, 4.5 (-1, 1); 11.5, 2.5 (1, 1); 12.5, 0.5 (0, 0); 9.5, 2.5 (0, -1); 12.5, 2.5 (1, -1)
312: 10.5, 4.5 (-1, 1); 8.5, 1.5 (0, 0); 13.5, 1.5 (-1, -1); 16.5, 1.5 (0, -1); 16.5, 0.5 (1, -1)
2066: 17.5, 0.5 (0, -1); 0.5, 16.5 (1, -1)
5630: 13.5, 0.5 (0, 0); 0.5, 13.5 (1, -1)
10744: 41.5, 0.5 (0, 0)
4177: 0.5, 12.5 (0, 1); 10.5, 7.5 (0, 0); 6.5, 10.5 (1, -1)
8338: 25.5, 0.5 (0, 0); 0.5, 17.5 (0, -1)
8521: 4.5, 0.5 (-1, 0); 3.5, 0.5 (0, 0); 5.5, 0.5 (0, -1)
7463: 0.5, 7.5 (0, 1); 0.5, 5.5 (-1, 0); 2.5, 4.5 (1, 0); 6.5, 2.5 (0, -1)
3606: 0.5, 9.5 (-1, 1); 0.5, 9.5 (1, -1)
1407: 5.5, 2.5 (-1, 1); 2.5, 13.5 (1, 1); 6.5, 6.5 (0, -1); 5.5, 10.5 (1, -1)
2657: 0.5, 14.5 (0, 1); 10.5, 5.5 (-1, -1); 10.5, 0.5 (1, -1)
1302: 4.5, 0.5 (-1, 1); 5.5, 0.5 (1, 1); 4.5, 2.5 (-1, 0); 4.5, 2.5 (0, -1); 6.5, 1.5 (1, -1)
4223: 14.5, 0.5 (0, 1); 7.5, 0.5 (-1, 0); 5.5, 6.5 (1, -1)
1127: 8.5, 0.5 (0, 1); 7.5, 3.5 (0, -1); 6.5, 7.5 (1, -1)
1717: 5.5, 3.5 (-1, 0); 5.5, 6.5 (0, 0); 6.5, 5.5 (0, -1); 10.5, 0.5 (1, -1)
1507: 3.5, 0.5 (0, 0); 1.5, 1.5 (1, 0); 2.5, 5.5 (0, -1); 10.5, 0.5 (1, -1)
10469: 0.5, 5.5 (0, 1); 0.5, 7.5 (-1, 0); 0.5, 3.5 (0, 0)
10472: 22.5, 0.5 (-1, 0); 24.5, 0.5 (0, 0)
1265: 7.5, 11.5 (0, 0); 5.5, 7.5 (0, -1); 7.5, 0.5 (1, -1)
7361: 3.5, 0.5 (0, 0); 5.5, 0.5 (1, 0); 3.5, 0.5 (0, -1)
1253: 0.5, 5.5 (0, 1); 5.5, 4.5 (0, 0); 4.5, 8.5 (0, -1); 2.5, 6.5 (1, -1)
1259: 8.5, 0.5 (0, 0); 12.5, 0.5 (0, -1); 11.5, 0.5 (1, -1)
935: 0.5, 10.5 (1, 0); 5.5, 4.5 (0, -1); 2.5, 3.5 (1, -1)
637: 3.5, 0.5 (-1, -1); 10.5, 0.5 (0, -1); 4.5, 0.5 (1, -1)
779: 7.5, 2.5 (0, 0); 8.5, 0.5 (1, 0); 4.5, 4.5 (0, -1); 6.5, 5.5 (1, -1)
3913: 5.5, 3.5 (-1, 0); 10.5, 0.5 (0, 0); 3.5, 10.5 (1, -1)
471: 1.5, 4.5 (-1, 1); 2.5, 3.5 (-1, -1); 0.5, 15.5 (0, -1); 2.5, 9.5 (1, -1)
2495: 2.5, 9.5 (0, 1); 8.5, 6.5 (0, 0); 6.5, 0.5 (-1, -1); 7.5, 6.5 (1, -1)
3237: 8.5, 0.5 (-1, 1); 5.5, 7.5 (0, 0); 12.5, 0.5 (1, -1)
5603: 10.5, 0.5 (-1, 0); 10.5, 0.5 (0, 0); 16.5, 0.5 (1, -1)
1745: 3.5, 0.5 (0, 0); 12.5, 0.5 (0, -1); 10.5, 0.5 (1, -1)
1381: 4.5, 5.5 (1, 1); 9.5, 0.5 (-1, 0); 1.5, 8.5 (0, -1); 3.5, 3.5 (1, -1)
1797: 0.5, 9.5 (-1, 1); 3.5, 5.5 (-1, 0); 0.5, 10.5 (0, -1); 9.5, 4.5 (1, -1)
3602: 0.5, 14.5 (0, 1); 22.5, 0.5 (1, -1)
3571: 4.5, 4.5 (1, 1); 9.5, 0.5 (-1, 0); 10.5, 0.5 (1, -1)
1043: 9.5, 0.5 (0, 0); 8.5, 0.5 (0, -1); 9.5, 0.5 (1, -1)
3491: 9.5, 0.5 (1, 1); 4.5, 4.5 (-1, 0); 7.5, 0.5 (1, -1)
2505: 0.5, 6.5 (-1, 1); 4.5, 4.5 (0, 0); 1.5, 8.5 (-1, -1); 2.5, 10.5 (1, -1)
8069: 0.5, 0.5 (0, 0); 2.5, 5.5 (1, 0); 3.5, 1.5 (0, -1)
8335: 3.5, 2.5 (0, 1); 11.5, 0.5 (0, 0); 9.5, 5.5 (0, -1)
1987: 10.5, 0.5 (0, 0); 8.5, 0.5 (0, -1); 8.5, 0.5 (1, -1)
631: 0.5, 6.5 (0, 1); 0.5, 8.5 (-1, -1); 0.5, 4.5 (0, -1); 0.5, 4.5 (1, -1)
4303: 5.5, 0.5 (0, 1); 10.5, 0.5 (-1, 0); 6.5, 2.5 (1, -1)
3907: 1.5, 3.5 (0, 1); 3.5, 2.5 (-1, 0); 5.5, 0.5 (0, 0); 3.5, 1.5 (1, -1)
5005: 6.5, 0.5 (0, 1); 2.5, 0.5 (-1, -1); 12.5, 0.5 (1, -1)
3543: 8.5, 0.5 (-1, 1); 10.5, 0.5 (1, 1); 9.5, 0.5 (1, -1)
1193: 4.5, 5.5 (1, 1); 3.5, 4.5 (0, -1); 10.5, 0.5 (1, -1)
7391: 3.5, 0.5 (0, 1); 0.5, 6.5 (-1, 0); 4.5, 2.5 (1, 0); 2.5, 0.5 (0, -1)
1753: 8.5, 0.5 (0, 0); 7.5, 3.5 (0, -1); 5.5, 2.5 (1, -1)
2091: 10.5, 0.5 (-1, 1); 11.5, 0.5 (0, -1); 6.5, 4.5 (1, -1)
2737: 2.5, 3.5 (0, 1); 4.5, 0.5 (0, 0); 0.5, 4.5 (-1, -1); 0.5, 4.5 (1, -1)
5761: 6.5, 0.5 (0, 1); 8.5, 0.5 (-1, 0); 0.5, 4.5 (1, -1)
1189: 0.5, 3.5 (0, 1); 2.5, 1.5 (1, 1); 2.5, 1.5 (0, -1); 5.5, 3.5 (1, -1)
1195: 7.5, 3.5 (1, 1); 5.5, 0.5 (0, -1); 3.5, 2.5 (1, -1)
4163: 6.5, 0.5 (1, 1); 5.5, 0.5 (0, 0); 7.5, 0.5 (1, -1)
7310: 3.5, 0.5 (0, 1); 5.5, 1.5 (-1, 0); 2.5, 2.5 (0, 0); 6.5, 1.5 (1, 0); 1.5, 0.5 (0, -1)
5599: 0.5, 6.5 (0, 1); 0.5, 3.5 (-1, 0); 1.5, 5.5 (0, 0); 0.5, 4.5 (1, -1)
2477: 6.5, 0.5 (0, 1); 2.5, 0.5 (0, 0); 2.5, 2.5 (-1, -1); 1.5, 3.5 (1, -1)
2067: 8.5, 0.5 (-1, 1); 7.5, 0.5 (0, -1); 9.5, 0.5 (1, -1)
2730: 2.5, 2.5 (-1, 1); 0.5, 1.5 (1, 1); 2.5, 0.5 (0, 0); 0.5, 2.5 (-1, -1); 1.5, 1.5 (1, -1)
1283: 10.5, 0.5 (0, 0); 1.5, 3.5 (0, -1); 8.5, 5.5 (1, -1)
3230: 0.5, 4.5 (0, 0); 0.5, 11.5 (1, -1)
